"","A","R","N","D","C","Q","E","G","H","I","L","K","M","F","P","S","T","W","Y","V"
"A",0.0215,0.0023,0.0019,0.0022,0.0016,0.0019,0.003,0.0058,0.0011,0.0032,0.0044,0.0033,0.0013,0.0016,0.0022,0.0063,0.0037,4e-04,0.0013,0.0051
"R",0.0023,0.0178,0.002,0.0016,4e-04,0.0025,0.0027,0.0017,0.0012,0.0012,0.0024,0.0062,8e-04,9e-04,0.001,0.0023,0.0018,3e-04,9e-04,0.0016
"N",0.0019,0.002,0.0141,0.0037,4e-04,0.0015,0.0022,0.0029,0.0014,0.001,0.0014,0.0024,5e-04,8e-04,9e-04,0.0031,0.0022,2e-04,7e-04,0.0012
"D",0.0022,0.0016,0.0037,0.0213,4e-04,0.0016,0.0049,0.0025,0.001,0.0012,0.0015,0.0024,5e-04,8e-04,0.0012,0.0028,0.0019,2e-04,6e-04,0.0013
"C",0.0016,4e-04,4e-04,4e-04,0.0119,3e-04,4e-04,8e-04,2e-04,0.0011,0.0016,5e-04,4e-04,5e-04,4e-04,0.001,9e-04,1e-04,3e-04,0.0014
"Q",0.0019,0.0025,0.0015,0.0016,3e-04,0.0073,0.0035,0.0014,0.001,9e-04,0.0016,0.0031,7e-04,5e-04,8e-04,0.0019,0.0014,2e-04,7e-04,0.0012
"E",0.003,0.0027,0.0022,0.0049,4e-04,0.0035,0.0161,0.0019,0.0014,0.0012,0.002,0.0041,7e-04,9e-04,0.0014,0.003,0.002,3e-04,9e-04,0.0017
"G",0.0058,0.0017,0.0029,0.0025,8e-04,0.0014,0.0019,0.0378,0.001,0.0014,0.0021,0.0025,7e-04,0.0012,0.0014,0.0038,0.0022,4e-04,8e-04,0.0018
"H",0.0011,0.0012,0.0014,0.001,2e-04,0.001,0.0014,0.001,0.0093,6e-04,0.001,0.0012,4e-04,8e-04,5e-04,0.0011,7e-04,2e-04,0.0015,6e-04
"I",0.0032,0.0012,0.001,0.0012,0.0011,9e-04,0.0012,0.0014,6e-04,0.0184,0.0114,0.0016,0.0025,0.003,0.001,0.0017,0.0027,4e-04,0.0014,0.012
"L",0.0044,0.0024,0.0014,0.0015,0.0016,0.0016,0.002,0.0021,0.001,0.0114,0.0371,0.0025,0.0049,0.0054,0.0014,0.0024,0.0033,7e-04,0.0022,0.0095
"K",0.0033,0.0062,0.0024,0.0024,5e-04,0.0031,0.0041,0.0025,0.0012,0.0016,0.0025,0.0161,9e-04,9e-04,0.0016,0.0031,0.0023,3e-04,0.001,0.0019
"M",0.0013,8e-04,5e-04,5e-04,4e-04,7e-04,7e-04,7e-04,4e-04,0.0025,0.0049,9e-04,0.004,0.0012,4e-04,9e-04,0.001,2e-04,6e-04,0.0023
"F",0.0016,9e-04,8e-04,8e-04,5e-04,5e-04,9e-04,0.0012,8e-04,0.003,0.0054,9e-04,0.0012,0.0183,5e-04,0.0012,0.0012,8e-04,0.0042,0.0026
"P",0.0022,0.001,9e-04,0.0012,4e-04,8e-04,0.0014,0.0014,5e-04,0.001,0.0014,0.0016,4e-04,5e-04,0.0191,0.0017,0.0014,1e-04,5e-04,0.0012
"S",0.0063,0.0023,0.0031,0.0028,0.001,0.0019,0.003,0.0038,0.0011,0.0017,0.0024,0.0031,9e-04,0.0012,0.0017,0.0126,0.0047,3e-04,0.001,0.0024
"T",0.0037,0.0018,0.0022,0.0019,9e-04,0.0014,0.002,0.0022,7e-04,0.0027,0.0033,0.0023,0.001,0.0012,0.0014,0.0047,0.0125,3e-04,9e-04,0.0036
"W",4e-04,3e-04,2e-04,2e-04,1e-04,2e-04,3e-04,4e-04,2e-04,4e-04,7e-04,3e-04,2e-04,8e-04,1e-04,3e-04,3e-04,0.0065,9e-04,4e-04
"Y",0.0013,9e-04,7e-04,6e-04,3e-04,7e-04,9e-04,8e-04,0.0015,0.0014,0.0022,0.001,6e-04,0.0042,5e-04,0.001,9e-04,9e-04,0.0102,0.0015
"V",0.0051,0.0016,0.0012,0.0013,0.0014,0.0012,0.0017,0.0018,6e-04,0.012,0.0095,0.0019,0.0023,0.0026,0.0012,0.0024,0.0036,4e-04,0.0015,0.0196
